200901027338990336
200901064753496323
200901069127676630
200901079241931254
201101045851865411
200901044975839503
201301063830401280
200901036868855960
200901063030071646
201301031402724289
201201031940878973
201301049305433454
200901086597791038
200901043250434650
200901015762571388
200901023665558639
200901005356434684
200901069689561339
200901052806574471
200901082745217715
200901022054391120
200901099506588833
200901096179200380
201101013774342185
200901069326215196
200901043178454365
201201012292789019
200901090353276341
200901004596436955
200901038249708106
200901082918187922
200901071166351343
200901043420140397
200901039597603390
201401070451632180
200901003014317438
200901069880861555
200901047801908718
200901066705875056
200901068994780494
200901087015049959
200901047378413057
200901045755229654
200901007559799915
200901093944356866
200901024116533990
201101066415240284
200901020479110114
200901051466491952
200901023197617339
200901016969063176
201101085039408696
201101020371878286
200901009737915684
200901038759581976
201001041522363801
201101080222175364
201001097810570337
201101027211272661
200901042008465714
201101076832531343
201001001194870936
200901087766254221
200901027700896602
200901026456858268
200901093314648230
200901083249852857
200901092667837065
200901078367870904
200901071986704046
200901069353375499
200901020806265623
200901015421088360
200901054902261541
200901052880917720
200901042845778585
200901052151296422
200901032797085305
200901015160261469
200901013237917980
200901004726787887
200901010503503496
200901043060769515
200901064472815390
200901044973592977
200901054883190573
200901057030994957
200901009759083801
200901015632694127
200901060611753722
200901063709690701
200901061111280972
200901068638573212
200901041632547745
200901045903420636
200901026437326140
201101040449907114
200901045283638687
200901043498128830
200901044574727907
200901009699392877
200901017526016805
200901043728709080
200901087546128128
201101047031003566
200901018675076264
200901051181029805
200901008174160820
201101042775004771
200901007935973905
201101067688430333
200901020648609808
200901082729396596
200901046471522749
200901076746310891
200901002031066086
200901086925787710
200901031263868839
200901097617476578
200901060975026990
200901075105255932
200901046011262153
200901040012502575
200901032396457439
200901058512431565
200901059380101648
200901060266662387
200901037527418886
200901061713030322
200901018123087563
200901054724160485
200901044789137698
200901072658598146
200901016636621112
200901014862155261
200901039831360846
200901053449472033
200901012606193170
200901003611405470
200901002165900635
200901080569226203
200901035266742947
200901023600704123
200901031958464674
200901081145088702
200901084770355378
200901080977839744
200901090419450771
200901079853514628
200901076263804923
200901070138242656
200901073770709380
200901083724167013
200901079573539030
200901059760522190
200901063587809818
200901066229322698
200901063990238359
200901070898498596
200901060063813711
200901052404552234
200901040050349527
200901037939446043
200901056765375510
200901057521553898
200901035326744561
200901085427262352
200901085316805071
200901060477493611
201201056334123943
200901061701856977
200901061040054305
200901051927054533
200901049166394390
200901048490349902
200901030657176588
200901030179343414
200901028759437420
200901027626254962
200901020648217209
200901019705545252
200901006497118944
200901004734970348
200901003901527269
200901000149757692
201201054668376823
201001061979475193
200901096631658402
200901095652840751
200901094551832786
200901093640783750
200901087108736999
200901086997179404
200901048003234763
200901043171941767
200901041434036280
200901036053107586
200901035600631124
200901033501900633
200901032995874765
200901028670733289
200901027620949683
200901027099169790
200901023299187517
200901021689732831
200901021321050633
200901020193313107
200901019773603694
200901017139002588
200901007992623180
200901001728357147
201301077293220348
201201061044233331
201201017180226137
201101094308056636
200901099689508884
200901098095256188
200901097476915319
200901097264465542
200901097213355491
200901097004679735
200901095685374829
200901095290941279
200901090138576270
200901089484994764
200901086914305063
200901086625634083
200901085939127163
200901084605983275
200901084423822950
200901083473990114
200901081610367630
200901078921829768
200901078105795294
200901077495655696
200901077008313637
200901075680493284
200901075549737453
200901075454708987
200901075073871342
200901073029139631
200901072071555444
200901070474987244
200901069268559432
200901065432751174
200901063810136545
200901062429912486
200901059390380790
200901058248494898
200901057874483664
200901055855126866
200901054954231292
200901054868996847
200901054050555683
200901053059133289
200901052854969160
200901048946778240
200901046954835020
200901044396895965
200901043017748830
200901040829367793
200901034786660360
200901033688867049
200901033575027249
200901031796889560
200901029734655747
200901028034730903
200901023894514149
200901023317198785
200901020747481511
200901019287187328
200901014815203754
200901014129832109
200901013995648876
200901013765950689
200901012189133320
200901011962964338
200901011029524491
200901006476258622
200901004890387369
200901004159835123
200901003950308173
200901002985770671
200901000606445227
200901000142522762
200901099345424118
200901098988319188
200901097527891584
200901095638039612
200901093063722223
200901090249859351
200901086995488639
200901086628671737
200901083788293870
200901082983469773
200901081571214049
200901079272053573
200901079070524876
200901078614499513
200901078029567090
200901077006316183
200901070910604623
200901070682129723
200901070478275974
200901064272875614
200901063718119448
200901063438277692
200901060434836841
200901059157082763
200901056339166408
200901053845018337
200901053349503314
200901052285482508
200901049429989512
200901043085124152
200901040471487678
200901035608935076
200901028937098197
200901028396882957
200901028194586469
200901027954400003
200901026251366591
200901025956483973
200901022844916908
200901000435242560
201401049308646561
201001088306934159
200901099725968013
200901098436643550
200901098003964548
200901097008895408
200901096864828936
200901094587254851
200901093867498580
200901092349251450
200901092152461739
200901092091507412
200901091374975904
200901091316207077
200901091205337036
200901091025753783
200901089116806117
200901088899056569
200901087811651776
200901087796257667
200901085058131583
200901084707361139
200901084121734882
200901084107703621
200901079684463091
200901077891570741
200901076478484172
200901075849694292
200901075677417542
200901075671486097
200901090266052267
200901088998663280
200901088060536280
200901085833567806
200901085125135637
200901083809037925
200901083774208047
200901082513546941
200901081514174634
200901080729026257
200901079021640828
200901078614496204
200901076704535214
200901075937195301
200901075653383361
200901075617543425
200901074723668079
200901074302650529
200901074270994913
200901073730288358
200901073372101780
200901073018252100
200901071761017473
200901071670868489
200901071163643050
200901070337558077
200901069664128452
200901068326221033
200901068100862850
200901067604752499
200901066649139066
201401053469125500
201401029693609336
201301060308504194
200901099757977383
200901099347207920
200901098544862071
200901097918715004
200901097668945378
200901097280543294
200901097269203708
200901097000988520
200901096629805490
200901095204704340
200901095005119315
200901094467775386
200901094435455320
200901093204662483
200901092842415306
200901090139045936
200901089736935774
200901089114759162
200901088731690637
200901088492221891
200901088269919208
200901087716123274
200901087664124978
200901086708689718
200901086614171502
200901085990641823
200901084504818036
200901084457142185
200901084210224308
200901083004283857
200901082160413497
200901081080326996
200901080267798348
200901079332620650
200901078621894673
200901077165051085
200901076290866221
200901076197479013
200901076092704526
200901076044592210
200901075988506107
200901075929706267
200901075922686511
200901074511723592
200901073670616288
200901073337155958
200901072519477504
200901072412202502
200901072071044849
200901071162570873
200901071057979340
200901071033343437
200901070575290406
200901069993133149
200901069915161845
200901069674601636
200901069561796724
200901068817556096
200901068814877606
200901068664072779
200901068434475599
200901066925942153
200901066870836774
200901066852866712
200901066716548987
200901066005450208
200901065834443174
200901065320086577
200901065151980980
200901064438856435
200901064368628570
200901063452363291
200901063177672726
200901062076522085
200901061520616800
200901060927064627
200901060921541270
200901060516503310
200901059778871710
200901059130309847
200901058360292904
200901058210738980
200901057943526745
200901056881517829
200901056382059399
200901055053062366
200901054502500172
200901054028695404
200901054019877915
200901053709477794
200901052890536652
200901052591762786
200901052518438784
200901052271526448
200901051276545690
200901051092084312
200901050825024480
200901050698195814
200901049696579854
200901048794319767
200901047803438263
200901047729521579
200901047212985990
200901046914813342
200901046479616777
200901046257299277
200901046028145401
200901045364824264
200901044363696126
200901044314668370
200901043499068173
200901043090919821
200901043019409758
200901042816387909
200901042366570562
200901042047154157
200901041602743973
200901041031678486
200901040915724779
200901040759271106
200901040722429370
200901039564920721
200901038857608335
200901038517623062
200901038481786474
200901038144561924
200901037845136784
200901037705257484
200901027338990336
200901064753496323
200901069127676630
200901079241931254
201101045851865411
200901044975839503
201301063830401280
200901036868855960
200901063030071646
201301031402724289
201201031940878973
201301049305433454
200901086597791038
200901043250434650
200901015762571388
200901023665558639
200901005356434684
200901069689561339
200901052806574471
200901082745217715
200901022054391120
200901099506588833
200901096179200380
201101013774342185
200901069326215196
200901043178454365
200901056335435242
200901056192125700
200901056093455804
200901055847057790
200901055544334465
201201012292789019
200901090353276341
200901004596436955
200901038249708106
200901082918187922
200901071166351343
200901043420140397
200901039597603390
201401070451632180
200901003014317438
200901069880861555
200901047801908718
200901066705875056
200901068994780494
200901087015049959
200901047378413057
200901045755229654
200901007559799915
200901093944356866
200901024116533990
201101066415240284
200901020479110114
200901051466491952
200901023197617339
200901016969063176
201101085039408696
201101020371878286
200901009737915684
200901038759581976
201001041522363801
201101080222175364
201001097810570337
201101027211272661
200901042008465714
201101076832531343
201001001194870936
200901087766254221
200901027700896602
200901026456858268
200901093314648230
200901083249852857
200901092667837065
200901078367870904
200901071986704046
200901069353375499
200901020806265623
200901015421088360
200901054902261541
200901052880917720
200901042845778585
200901052151296422
200901032797085305
200901015160261469
200901013237917980
200901004726787887
200901010503503496
200901043060769515
200901064472815390
200901044973592977
200901054883190573
200901057030994957
200901009759083801
200901015632694127
200901060611753722
200901063709690701
200901061111280972
200901068638573212
200901041632547745
200901045903420636
200901026437326140
201101040449907114
200901045283638687
200901043498128830
200901044574727907
200901009699392877
200901017526016805
200901043728709080
200901087546128128
201101047031003566
200901018675076264
200901051181029805
200901008174160820
201101042775004771
200901007935973905
201101067688430333
200901020648609808
200901082729396596
200901046471522749
200901076746310891
200901002031066086
200901086925787710
200901031263868839
200901097617476578
200901060975026990
200901075105255932
200901046011262153
200901040012502575
200901032396457439
200901058512431565
200901059380101648
200901060266662387
200901037527418886
200901061713030322
200901018123087563
200901054724160485
200901044789137698
200901072658598146
200901016636621112
200901014862155261
200901039831360846
200901053449472033
200901012606193170
200901003611405470
200901002165900635
200901080569226203
200901035266742947
200901023600704123
200901031958464674
200901081145088702
200901084770355378
200901080977839744
200901090419450771
200901079853514628
200901076263804923
200901070138242656
200901073770709380
200901083724167013
200901079573539030
200901059760522190
200901063587809818
200901066229322698
200901063990238359
200901070898498596
200901060063813711
200901052404552234
200901040050349527
200901037939446043
200901056765375510
200901057521553898
200901035326744561
200901085427262352
200901085316805071
200901060477493611
201201056334123943
200901061701856977
200901061040054305
200901051927054533
200901049166394390
200901048490349902
201401092232486090
201401092276249223
201401092255228471
201401092247448489
201401092230844879
201401092182478865
201401091978284063
201401091402979660
201401091371729961
201401091399174884
201401091581878579
201401091692590809
201401091108272507
201401091925062425
201401091360379330
201401090941345970
201401092393345195
201401090919983202
200901085316805071
200901060477493611
201201056334123943
200901061701856977
200901061040054305
200901051927054533
200901049166394390
200901048490349902
200901027338990336
200901064753496323
200901069127676630
200901079241931254
201101045851865411
200901044975839503
201301063830401280
200901036868855960
200901063030071646
201301031402724289
201201031940878973
201301049305433454
200901086597791038
200901043250434650
200901015762571388
200901023665558639
200901005356434684
200901069689561339
200901052806574471
200901082745217715
200901022054391120
200901099506588833
200901096179200380
201101013774342185
200901069326215196
200901043178454365
201401092232486090
201401092276249223
201401092255228471
201401092247448489
201401092230844879
201401092182478865
201401091978284063
201401091402979660
201401091371729961
201401091399174884
201401091581878579
201401091692590809
201401091108272507
201401091925062425
201401091360379330
201401090941345970
201401092393345195
201401090919983202
201401091955024420
201401090955689035
201401091092123832
201401091092989686
201401091044094227
201401090359194150
201401090445083892
201401090607315482
201401090693155956
201401090661951068
201401090746395709
201401090494063961
201401090606951806
201401090155789341
201401086104689302
201401090109698331
201401086078807997
201401085925400584
201401086063625841
201401086062524421
201401085948514196
201401085613814888
201401085768378472
201401085468064662
201401085636840991
201401085693354068
201401085646133401
201401085462722226
201401085549826451
201401085337705166
201401090337837252
201401084978019355
201401085289556307
201401085092250907
201401085265636679
201401085036637025
201401084626016909
201401084876355717
201401084616377903
201401084830567981
201401084522642840
201401084685082680
201401084768304693
201401084827492016
201401084430734587
201401084322394478
201401084423254669
201401079863704417
201401079761805383
201401079966161306
201401084477891770
201401079345830298
201401079498851626
201401079400543775
201401079394677888
201401079505828724
201401079361872375
201401079305656678
201401079640676829
201401078355080681
201401078520525758
201401078949487200
201401078418155610
201401078403766590
201401078329026970
201401078565880885
201401078276942570
201401078089419619
201401078285097093
201401078201300654
201401077709015550
201401078243953038
201401077754926261
201401077923568388
201401077405158702
201401077425570367
201401077580299882
201401077259464847
201401077265134174
201401077509362522
201401077306231538
201401077555429747
201401077706180886
201401076966541444
201401077102209720
201401077204961515
201401077206142945
201401077021979440
201401077217448507
201401077159748457
201401076789562355
201401076786110038
201401076328573886
201401076242926948
201401076260129966
201401076064403120
201401075957432016
201401076881559050
201401076270512580
201401076018933904
201401076180559358
201401075932433506
201401076516935361
201401076335570264
201401076425423007
201401075867346900
201401076404425174
201401075883530037
201401076421483609
201401075766245186
201401075687291792
201401075449157557
201401075757645724
201401075625534494
201401075558897668
201401075568591940
201401075432233519
201401074810238463
201401074687364793
201401074868034574
201401074526982144
201401074470135338
201401074448022015
201401074345824776
201401074715079978
201401075139115099
201401073956183850
201401075154049698
201401075274624904
201401074173748916
201401073966203906
201401075192055855
201401073965318599
201401073518917191
201401073376344288
201401073170206130
201401072952119680
201401073024448288
201401073715067930
201401090816508239
201401090803590971
201401090834468236
201401084940419627
201401084938355166
201401084916023534
201401080004249692
201401079664607909
201401078999791104
201401079019707257
201401078968536343
201401079074298269
201401073921370976
201401073551763400
201401073598021223
201401073570846022
201401073505335304
201401073403504071
201401073006567733
201401073098728991
201401072817107337
201401072662799997
201401072034454255
201401072766306712
201401072790221264
201401072796742436
201401072248043023
201401072804462391
201401071942376769
201401071705187250
201401071944300921
201401071709654244
201401071938603092
201401071829948438
201401071811835792
201401071733216380
201401071695218659
201401071382419483
201401071676743823
201401071530865170
201401071441891183
201401071414155149
201401071573973448
201401071516045976
201401066724107183
201401066567582450
201401071053492412
201401066618668753
201401071118143801
201401066734921091
201401066875960953
201401066842982960
201401071141980214
201401071355562002
201401071137439690
201401066331986150
201401066189697057
201401066258848836
201401071176734143
201401066366795684
201401066185998494
201401065538812946
201401065591304847
201401065837751600
201401065941760360
201401066038235558
201401065470895490
201401065789347703
201401065368606190
201401065142602655
201401065127731856
201401065077936788
201401065284894122
201401064875574503
201401064902165297
201401064960050580
201401064853676450
201401064771475929
201401064467525294
201401064705693672
201401064410926217
201401064625313178
201401065375426555
201401064719473985
201401064407302679
201401059796434921
201401059581284228
201401059798340630
201401059393464910
201401059613560974
201401059568366509
201401059734669973
201401058858609336
201401058815674576
201401058860439626
201401059100908363
201401059134620059
201401059208222247
201401058855062026
201401059113603502
201401058805718877
201401058434567927
201401058492672021
201401058510047520
201401058472010405
201401058750905796
201401059385143829
201401058614247050
201401058376710676
201401058249098570
201401058343484069
201401058079252715
201401057770891957
201401058285757017
200901055263104428
200901055108666517
200901054894346230
200901054605623280
200901054519036593
200901054385681217
200901054371235753
200901054119978190
200901035296624892
200901035083374752
200901034589215419
200901034325375310
200901033987823503
200901033762886930
200901033597234779
200901033232135658
200901033066439112
200901032759673007
200901032613808245
200901032272641916
200901031210454137
200901030833559804
200901030761383285
200901030666901317
200901030401792656
200901030176474526
200901029898104539
200901029643207229
200901029477728061
200901029471417790
200901029454458970
200901029400068000
200901029398433498
200901029149040532
200901029065699822
200901029040733210
200901028536279776
200901027710696075
200901027420428301
200901026238047614
200901025965414470
200901025803493244
200901025441962100
200901025393181290
200901024982789570
200901024924732045
200901024659451799
200901024196673134
200901024179732240
200901024172583541
200901024119969080
200901023741222408
200901023602135614
200901023308906335
200901023044842996
200901023003574642
200901022430968515
200901021971239617
200901021840237546
200901021670306246
200901021658944997
200901021240881590
200901021110181138
200901021034719239
200901020496906100
200901020416091756
200901020178147969
200901019978978810
200901019898433375
200901019547760620
200901019148093360
200901018820475970
200901018713222865
200901018536992469
200901018436471550
200901017652686689
200901017473630280
200901016651837067
200901015893764238
200901015399341987
200901014828067507
200901014783237686
200901014693536986
200901014484884861
200901014385262085
200901014372904452
200901014005585154
200901013803856268
200901013772729220
200901013369740264
200901012682899928
200901012631651204
200901012149268100
200901012093561933
200901011240315947
200901011005902894
200901009542252354
200901009511498363
200901009221004413
200901008487385513
200901008245645413
200901008040605150
200901008024657050
200901007860410721
200901007072807149
200901007069126092
200901006304885269
200901006284701735
200901006208954519
200901006061541000
200901006000794054
200901005902538682
200901005449749570
200901005229888765
200901005076877025
200901005076487316
200901004896082969
200901004386731601
200901004277662098
200901003908624685
200901003765672675
200901002413931348
200901002397113150
200901002216037406
200901002042547191
200901001734093666
200901001538080866
200901001027485825
201301038861736049
201201080463438622
200901094205700741
200901093208379433
200901090331459558
200901085505349370
200901079135553631
200901076883127409
200901076858323813
200901071193124499
200901069310098424
200901063932881870
200901061325387286
200901060762282225
200901058428899942
200901057287885660
200901053893715376
200901050368029624
200901050053162636
200901048889064367
200901047925783697
200901044922162595
200901044613753210
200901044166588966
200901042050239350
200901041379750334
200901037748989551
200901036882118978
200901035413210042
200901033948826511
200901030201887474
200901028400253030
200901026334149347
200901023101544751
200901019190816673
200901016739706558
200901012274800336
200901008233886300
200901008114484740
200901007890141563
200901005799792052
200901003020036548
201401063547842570
201401027923856114
201201054706117276
201201033939172091
201101027935208191
200901097447530874
200901097390380455
200901095279938070
200901094665954024
200901094385108446
200901093638278495
200901093412062155
200901091857319188
200901091369988950
200901090749264788
200901089129415524
200901088959922929
200901088116046132
200901087884891635
200901086951499897
200901083214497930
200901081316763950
200901078769229075
200901078061301400
200901075985540444
200901072764523937
200901072508244036
200901072064043446
200901068425041713
200901068411213481
200901067604129384
200901067166433482
200901065041906521
200901064519202154
200901063023543451
200901061035068985
200901058631499712
200901058444616241
200901058266298893
200901056759134498
200901056450860208
200901053216319065
200901052727865428
200901052111780364
200901049492782952
200901048495398693
200901048303797794
200901046597202685
200901044045965746
200901043812645594
200901041373983396
200901041077128421
200901040911908166
200901039456426443
200901038581524698
200901037796318154
200901036930390723
200901036465991103
200901035862287327
200901034803480842
200901033879598838
200901033608567627
200901033530426355
200901032385689575
200901031925777480
200901031828644492
200901031714747895
200901031430758536
200901031304331543
200901031121179416
200901029193194164
200901024907933363
200901023652457914
200901022428145110
200901021642595526
200901021487979401
200901021062391672
200901020960132407
200901019544079485
200901018983896302
200901018462646245
200901018438089351
200901017393692535
200901016476361739
200901014761925538
200901014516431040
200901014431440414
200901014027139034
200901013789268536
200901012648384501
200901011075168667
200901011008625980
200901010441379769
200901010147601453
200901008842849216
200901007914683966
200901005758879054
200901004866368698
200901003593535620
200901003386420944
200901002740757076
200901002642893239
200901001633721127
200901001198419367
201401097979528410
201401089266275845
201401058264228561
201401056389569309
201301017980552609
201201086864618168
201201050750274308
201101098901108095
201101062696009084
201101047301436214
201101015936297831
201001088408949509
201001062623029438
201001032344990920
201001030025965723
201001009934406210
200901099761006325
200901098750961990
200901098407992626
200901098220100993
200901098123542035
200901096084704259
200901093223284970
200901090826608428
200901089916042794
200901089568377280
200901089231933513
200901089108379790
200901088812619406
200901088314022494
200901088067233886
200901087490014078
200901087410045229
200901087356368963
200901086113455233
200901085969375862
200901085815018609
200901084434852460
200901084322065679
200901084315403453
200901083983591940
200901083357224420
200901083041654660
200901082548790004
200901082277077013
200901081878796355
200901081196347117
200901080451464185
200901079730327610
200901079482550545
200901079419438913
200901079031502229
200901078982488629
200901078627108599
200901078030199887
200901074507607758
200901073426710027
200901073057146880
200901072614935595
200901072410621400
200901072002488182
200901071717611740
200901071179230936
200901070972999977
200901070940072928
200901070526623211
200901069947539033
200901068977368016
200901068445260861
200901067063367694
200901066839508998
200901066053268179
200901065783430862
200901065137652580
200901064691870517
200901063313694909
200901061809273110
200901060646014892
200901060513594462
200901060090521358
200901058986355738
200901058656224882
200901055115321185
200901054444530236
200901054245207647
200901053193406240
200901053138518056
200901052305523869
200901051801533487
200901051597716194
200901051288486362
200901049623090580
200901048243999015
200901047579380076
200901046514911116
200901045884979465
200901045057217350
200901045019206493
200901044670291800
200901044553289560
200901044090560544
200901043883746812
200901043671478982
200901039728601886
200901039715389489
200901039305101330
200901036571072605
200901034292722630
200901032767183051
200901032692349005
200901032376910145
200901032296381052
200901032112804525
200901031602435513
200901031594425953
200901030932595952
200901030929420327
200901030908068968
200901027416519963
200901027201272177
200901026815088279
200901026158856325
200901025833836847
200901025468046122
200901025420215070
200901023818296655
200901023815252584
200901022866304639
200901022678173705
200901022299858040
200901021875020205
200901020486133774
200901019838856994
200901019038780175
200901016760183549
200901016050563750
200901014720261986
200901013972859969
200901013553227430
200901013153844740
200901012657229888
200901012110308465
200901011766511066
200901011592587599
200901011446742248
200901009874877846
200901009745828626
200901009690681701
200901008889086733
200901008853507783
200901007753104766
200901007133363141
200901006973242527
200901006831454535
200901006126095771
200901006003374838
200901005675801770
200901005283705706
200901005132677085
200901004461944985
200901004438606924
200901004291768745
200901003003242096
200901002872347837
200901001891739294
200901000703653691
201401085612354840
201201091061273173
201101099913149931
201101088703290095
201101081218226112
201101060205807909
201101029975423179
201101026844683141
201101002633027357
201001090971631323
201001071333529053
201001041561371730
201001014932131250
201001003339416581
200901099969972292
200901099917830945
200901099670302070
200901099663109981
200901099068615539
200901098936875163
200901098932065760
200901098866918862
200901098827872898
200901098222968729
200901097524875448
200901097451772211
200901097252767713
200901097161066011
200901096851928257
200901096715784250
200901096406416033
200901095855859628
200901095710952395
200901095572790176
200901095535560748
200901095467695362
200901095049057767
200901094904185178
200901094764841673
200901094232429286
200901093722658465
200901093550348329
200901093338062423
200901093305320389
200901093295505598
200901093254475579
200901093210881065
200901092938492123
200901092859394949
200901092451252550
200901092371639322
200901092327011707
200901092177157422
200901092150686490
200901092099990279
200901091779671848
200901091709023660
200901090554718539
200901090443518573
200901090404834972
200901090355205670
200901090132881569
200901089998044722
200901089933619418
200901089810467184
200901089492767211
200901089190277967
200901088817480538
200901088719581954
200901088182213341
200901087940882474
200901087886373321
200901087457499147
200901087432541939
200901087326507500
200901086893179739
200901085724226578
200901084269783505
200901084182791226
200901083409286101
200901082667216421
200901082295506681
200901082248932966
200901082240934013
200901081841683941
200901081818890808
200901081701279296
200901081523952771
200901081239549258
200901081198302420
200901081184132727
200901080934659254
200901080082972112
200901079835915143
200901079651830900
200901079195051910
200901079177914464
200901079136590280
200901079003308484
200901063328015382
200901063250935404
200901062392659998
200901061755549115
200901061415688277
200901061331073331
200901061145390475
200901060833697340
200901060725722690
200901060548425329
200901060420484233
200901060278508901
200901060158990645
200901060110428090
200901059929653486
200901059674510228
200901059569520730
200901059419914897
200901059353104651
200901058941231850
200901058793083439
200901058687268942
200901058650811760
200901057962368050
200901057919072318
200901057856590020
200901057269054743
200901057223338950
200901057109907120
200901057076214859
200901056804096047
200901056790996015
200901056710196056
200901056683272403
200901056601681564
200901056390463239
200901056155182320
200901056020960390
200901055007806792
200901054980339204
200901054861753710
200901054584838079
200901054445979938
200901054411424643
200901054258234988
200901053678804589
200901053290017836
200901053282213812
200901053109845005
200901052778958382
200901052339460041
200901052307342454
200901052109116503
200901052032615986
200901051955042125
200901051561014266
200901051408384275
200901050140728280
200901049800841647
200901048727267329
200901048610358595
200901048542618567
200901047412298718
200901047230908278
200901046761115918
200901046739793619
200901046323980851
200901046154453510
200901045754647029
200901045611485141
200901045582842312
200901045558897637
200901045492831940
200901045372482577
200901045324108337
200901044635468306
200901044168497437
200901043616205225
200901043164018023
200901027338990336
200901064753496323
200901069127676630
200901079241931254
201101045851865411
200901044975839503
201301063830401280
200901036868855960
200901063030071646
201301031402724289
201201031940878973
201301049305433454
200901086597791038
200901043250434650
200901015762571388
200901023665558639
200901005356434684
200901069689561339
200901052806574471
200901082745217715
200901022054391120
200901099506588833
200901096179200380
201101013774342185
200901069326215196
200901043178454365
201401092232486090
201401092276249223
201401092255228471
201401092247448489
201401092230844879
201401092182478865
201401091978284063
201401091402979660
201401091371729961
201401091399174884
201401091581878579
201401091692590809
201401091108272507
201401091925062425
201401091360379330
201401090941345970
201401092393345195
201401090919983202
201401091955024420
201401090955689035
201401091092123832
201401091092989686
201401091044094227
201401090359194150
201401090445083892
201401090607315482
201401090693155956
201401090661951068
201401090746395709
201401090494063961
201401090606951806
201401090155789341
201401086104689302
201401090109698331
201401086078807997
201401085925400584
201401086063625841
201401086062524421
201401085948514196
201401085613814888
201401085768378472
201401085468064662
201401085636840991
201401085693354068
201401085646133401
201401085462722226
201401085549826451
201401085337705166
201401090337837252
201401084978019355
201401085289556307
201401085092250907
201401085265636679
201401085036637025
201401084626016909
201401084876355717
201401084616377903
201401084830567981
201401084522642840
201401084685082680
201401084768304693
201401084827492016
201401084430734587
201401084322394478
201401084423254669
201401079863704417
201401079761805383
201401079966161306
201401084477891770
201401079345830298
201401079498851626
201401079400543775
201401079394677888
201401079505828724
201401079361872375
201401079305656678
201401079640676829
201401078355080681
201401078520525758
201401078949487200
201401078418155610
201401078403766590
201401078329026970
201401078565880885
201401078276942570
201401078089419619
201401078285097093
201401078201300654
201401077709015550
201401078243953038
201401077754926261
201401077923568388
201401077405158702
201401077425570367
201401077580299882
201401077259464847
201401077265134174
201401077509362522
201401077306231538
201401077555429747
201401077706180886
201401076966541444
201401077102209720
201401077204961515
201401077206142945
201401077021979440
201401077217448507
201401077159748457
201401076789562355
201401076786110038
201401076328573886
201401076242926948
201401076260129966
201401076064403120
201401075957432016
201401076881559050
201401076270512580
201401076018933904
201401076180559358
201401075932433506
201401076516935361
201401076335570264
201401076425423007
201401075867346900
201401076404425174
201401075883530037
201401076421483609
201401075766245186
201401075687291792
201401075449157557
201401075757645724
201401075625534494
201401075558897668
201401075568591940
201401075432233519
201401074810238463
201401074687364793
201401074868034574
201401074526982144
201401074470135338
201401074448022015
201401074345824776
201401074715079978
201401075139115099
201401073956183850
201401075154049698
201401075274624904
201401074173748916
201401073966203906
201401075192055855
201401073965318599
201401073518917191
201401073376344288
201401073170206130
201401072952119680
201401073024448288
201401073715067930
201401090816508239
201401090803590971
201401090834468236
201401084940419627
201401084938355166
201401084916023534
201401080004249692
201401079664607909
201401078999791104
201401079019707257
201401078968536343
201401079074298269
201401073921370976
201401073551763400
201401073598021223
201401073570846022
201401073505335304
201401073403504071
201401073006567733
201401073098728991
201401072817107337
201401072662799997
201401072034454255
201401072766306712
201401072790221264
201401072796742436
201401072248043023
201401072804462391
201401071942376769
201401071705187250
201401071944300921
201401071709654244
201401071938603092
201401071829948438
201401071811835792
201401071733216380
201401071695218659
201401071382419483
201401071676743823
201401071530865170
201401071441891183
201401071414155149
201401071573973448
201401071516045976
201401066724107183
201401066567582450
201401071053492412
201401066618668753
201401071118143801
201401066734921091
201401066875960953
201401066842982960
201401071141980214
201401071355562002
201401071137439690
201401066331986150
201401066189697057
201401066258848836
201401071176734143
201401066366795684
201401066185998494
201401065538812946
201401065591304847
201401065837751600
201401065941760360
201401066038235558
201401065470895490
201401065789347703
201401065368606190
201401065142602655
201401065127731856
201401065077936788
201401065284894122
201401064875574503
201401064902165297
201401064960050580
201401064853676450
201401064771475929
201401064467525294
201401064705693672
201401064410926217
201401064625313178
201401065375426555
201401064719473985
201401064407302679
201401059796434921
201401059581284228
201401059798340630
201401059393464910
201401059613560974
201401059568366509
201401059734669973
201401058858609336
201401058815674576
201401058860439626
201401059100908363
201401059134620059
201401059208222247
201401058855062026
201401059113603502
201401058805718877
201401058434567927
201401058492672021
201401058510047520
201401058472010405
201401058750905796
201401059385143829
201401058614247050
201401058376710676
201401058249098570
201401058343484069
201401058079252715
201401057770891957
201401058285757017
201401058374701203
201401058060447876
201401057760568473
201401057610530087
201401057589771923
201401057459400451
201401057534375743
201401057406804941
201401057483675984
201401057296225240
201401057245254148
201401057173134525
201401057222727685
201401057126966350
201401057293251118
201401057171321387
201401057328976838
201401057057506822
201401056827243659
201401056717465214
201401057749110040
201401056862870747
201401056991882760
201401056681141026
201401056826147010
201401056603955335
201401056398898960
201401056438827980
201401056530265416
201401056295308234
201401056303836636
201401056497687849
201401056403837915
201401056080108366
201401055960327664
201401055942098844
201401056188241852
201401055918861138
201401056111846638
201401056156130048
201401056085689413
201401055729327490
201401055617029542
201401056231261781
201401056242741874
201401055463983442
201401055562393606
201401055520065170
201401055195296747
201401055282392493
201401055134677420
201101066997708510
201401055812949877
201401055455087772
201401055348259480
201401055347365936
201401055208557618
201401055200846530
201401055167594171
201401054955674988
201401054925034054
201401054891912030
201401054882922163
201401054812270860
201401054799943370
201401054778976138
201401054667775001
201401054590575675
201401054503757975
201401054503050634
201401054491742659
201401054491151588
201401054465473445
201401054321297537
201401054211477700
201401054140268497
201401054102981368
201401054098801783
201401053948709559
201401053859318791
201401053808388620
201401053783925855
201401053775147444
201401053643633234
201401053626032545
201401053548230467
201401053514162357
201401053503891683
201401053488785219
201401053203755664
201401053176786285
201401053134509311
201401053020313107
201401052978956970
201401052962808547
201401052924538595
201401052905459749
201401052838888060
201401052724121320
201401052708715946
201401052694514950
201401052531812750
201401052395948723
201401052374003036
201401052175230678
201401052170731547
201401052039942753
201401052039452969
201401051966287669
201401051951323774
201401051889602378
201401051857774002
201401051757982554
201401051745136089
201401051568447982
201401051564388396
201401051470240433
201401051422362071
201401051394033334
201401051379290827
201401051367910854
201401051154453867
201401051052191949
201401051018561605
201401050982079093
201401050914296469
201401050900754057
201401050888892821
201401050847214320
201401050807908311
201401050797083181
201401050792242443
201401050769144388
201401050570472700
201401050561367448
201401050502129592
201401050441320510
201401050428640700
201401050407529575
201401050396992073
201401050323956508
201401050303106753
201401050196780772
201401050128814014
201401050095544105
201401050088435031
201401050055436555
201401050039285563
201401049995924851
201401049912557003
201401049906022939
201401049743832415
201401049722096182
201401049629062782
201401049537635921
201401049309971040
201401049230747579
201401049082985937
201401049036452037
201401048950113724
201401048852458136
201401048835494889
201401048722318553
201401048670843840
201401048579259125
201401048569558701
201401048564682765
201401048510238908
201401048381101011
201401048375244480
201401048336117802
201401048155729610
201401048129426781
201401048101651062
201401048013484890
201401047989137934
201401047838530502
201401047819123092
201401047770304096
201401047759046824
201401047671015970
201401047661548430
201401047553477900
201401047490921669
201401047440533102
201401047355185448
201401047344564226
201401047307664202
201401047121351301
201401047032340800
201401046956272376
201401046879418931
201401046847832906
201401046828654088
201401046739696753
201401046729849098
201401046679359906
201401046660923860
201401046627463306
201401046621807712
201401046405372531
201401046381003920
201401046204010720
201401046159362602
201401046149482995
201401046113343212
201401045950404460
201401045894866014
201401045811357679
201401045631895079
201401045574850861
201401045574221066
201401045573569506
201401045430703740
201401045330366356
201401045313687297
201401045156151000
201401045135214088
201401045125837532
201401045113390354
201401045073970875
201401045067625864
201401045046833394
201401045043864388
201401044997707945
201401044856710918
201401044763377356
201401044759360937
201401044744961284
201401044697706076
201401044672286510
201401044670345586
201401044663809755
201401044663738734
201401044658759880
201401044646914952
201401044458073517
201401044457532461
201401044454494356
201401044384414058
201401044360330422
201401044297247650
201401044257112352
201401044256358595
201401044179573518
201401044142068082
201401044111698029
201401044072358401
201401044059521336
201401043860418206
201401043822592820
201401043708036659
201401043600576185
201401043551010685
201401043496100882
201401043395893830
201401043178152857
201401043147574133
201401043112258794
201401043084434930
201401042903669970
201401042884607755
201401042855785784
201401042791577007
201401042755240802
201401042715777820
201401042702819736
201401042662692622
201401042616861827
201401042596214129
201401042578426143
201401042549839420
201401042418932689
201401042416400744
201401042368142720
201401042359357047
201401042313089501
201401042230227449
201401042205162855
201401042147703930
201401042110989752
201401042110012058
201401042059192151
201401042016226656
201401041886801501
201401041673741165
201401041671948609
201401041613157880
201401041592602381
201401041585034505
201401041437306113
201401040921625723
201401040905599348
201401040902359419
201401040822099750
201401040739281008
201401040710727260
201401040710371261
201401040705176728
201401040692525213
201401040647846645
201401040627161182
201401040584463066
201401040561689806
201401040439630710
201401040394447650
201401040369080989
201401040212376132
201401040112652906
201401040029628904
201401039951175635
201401039936677870
201401039841874961
201401039817225146
201401039814429689
201401039632767996
201401039551785442
201401039533905074
201401039513049325
201401039505126930
201401039482222732
201401039477059998
201401039403870376
201401039386656977
201401039353928947
201401039313824103
201401039299896317
201401039296398456
201401039245161745
201401039221417900
201401039022154178
201401038988005040
201401038987884814
201401038968120463
201401038893849632
201401038834797173
201401038787297205
201401038594136719
201401038576209733
201401038532048139
201401038405992049
201401038341318586
201401038275045719
201401038250116727
201401038238667556
201401038132552059
201401037985209986
201401037985012210
201401037964565260
201401037933116777
201401037845565650
201401037812686240
201401037636358753
201401037630641739
201401037462618947
201401037388250835
201401037315508958
201401037287233530
201401037177082014
201401037176866640
201401037073174111
201401037072312596
201401037024458031
201401036924079331
201401036488950951
201401036466041672
201401036407916100
201401036383535894
201401036288466532
201401036258474646
201401036208450797
201401036076728200
201401036030501635
201401035964577036
201401035889362070
201401035863995830
201401035855096761
201401035798059315
201401035680778236
201401035553202490
201401035524846892
201401035306511536
201401035268647968
201401035216160815
201401035090799815
201401034933629864
201401034885063390
201401034761624695
201401034752975825
201401034651071623
201401034643686988
201401034598455996
201401034596249086
201401034487795925
201401034415541864
201401034244515797
201401034168699298
201401034148153949
201401034144237404
201401034125778631
201401034005985870
201401033913613019
201401033859791747
201401033852604127
201401033841999715
201401033835425979
201401033751489408
201401029440631629
201401029437268947
201401029302517696
201401029231212333
201401029231008094
201401029062617841
201401028940882060
201401028888560416
201401028802178808
201401028772856717
201401028606439245
201401028600190954
201401028502421085
201401028478030860
201401028328505150
201401028269036990
201401028261182459
201401028174867623
201401028085915932
201401028030018184
201401028013654565
201401027832444387
201401027746716374
201401027714152266
201401027686642996
201401027661152781
201401027642780127
201401027411672844
201401027386764291
201401027363573944
201401027303625554
201401027244444338
201401027174634304
201401027155790192
201401027129184314
201401023259041315
201401023115990355
201401023083998634
201401023039247141
201401022937953897
201401022927586640
201401022827273602
201401022757905304
201401022748700945
201401022746294559
201401022708728901
201401022638030308
201401022606917424
201401022458930688
201401022340185007
201401022193824120
201401022189049147
201401022130327488
201401022050791698
201401022040833392
201401022021672825
201401021936409500
201401021854793883
201401021846536456
201401021769431930
201401021678460996
201401021504899026
201401021312789669
201401021302654080
201401021237483109
201401020893415768
201401020886891287
201401020876802456
201401020853023972
201401020809640263
201401017690444877
201401017544171869
201401017452645724
201401017436570676
201401017363379700
201401017286977497
201401017195799804
201401017127527430
201401017084804221
201401017044138482
201401016980898514
201401016802565617
201401016716535209
201401016713497276
201401016679202067
201401016441122901
201401016215845895
201401016184608598
201401016129577209
201401016055817997
201401016044874816
201401015767775704
201401015597585549
201401015406677082
201401015377937169
201401015333816640
201401015331891733
201401015213932000
201401015115430810
201401015074640090
201401015026003267
201401014924178131
201401014904899053
201401014888105777
201401014852078161
201401010422554614
201401010376544480
201401010358443579
201401010353749890
201401010273983744
201401010270805934
201401010137137589
201401010034089675
201401010010891594
201401009985349512
201401009946078714
201401009916461580
201401009892305213
201401009871820738
201401009825475830
201401009699621191
201401009656924948
201401009585854692
201401009559430132
201401009454840467
201401009453870400
201401009443147719
201401009197658164
201401009138114517
201401009087921773
201401008992460740
201401008977709716
201401008948033819
201401008862888447
201401008828752676
201401008800287315
201401008712208367
201401008652697274
201401008609829337
201401008507565874
201401005821052890
201401005766343139
201401005722952120
201401005683305812
201401005636811440
201401005422372377
201401005368108863
201401005251481385
201401005192931550
201401005185858855
201401005089491142
201401005030983459
201401004905650908
201401004899931371
201401004819640797
201401004750544391
201401004569789340
201401004503478858
201401004298755665
201401004286381093
201401004158283445
201401004130575203
201401004093964113
201401003941509590
201401003860380827
201401003771692149
201401003670624690
201401003666633277
201401003640882996
201401003563548956
201401003454214479
201401003453341590
201401003434622058
201401003413372817
201401003222856768
201401003135130041
201401003101021936
201401002994655770
201401002859738002
201401002831557061
201401002783203910
201401002781220940
201401002763723020
201401002753818260
201401002744442738
201401002556339326
201401002537487217
201401002526102917
201401002462211946
201401002366491121
201401002271581301
201401002125051333
201401002124175381
201401002091330947
201401002032344608
201401001861525460
201401001859508361
201401001768918109
201401001742915209
201401001581811769
201401001576977454
201401001543762533
201401001542104508
201401001532984100
201401001528401958
201401001478579688
201401001458815997
201401001278510594
201401001091456979
201401001081758640
201401001037037090
201401000884147784
201401000802552376
201401000793463640
201401000598455919
201401000421475472
201401000357534737
201401000303386104
201401000262168741
201401000255297218
201401000243824905
201401000234579949
201401000028896750
201301098256154774
201301095907282823
201301094285377620
201301093503165103
201301089134233917
201301087783241314
201301081364994215
201301078962625797
201301077220393015
201301063677934975
201301062956609018
201301056325584463
201301050150771950
201301049938499322
201301042007642194
201301034934009650
201301029992275960
201301026931988026
201301007910916950
201301007715646175
201301003012904193
201201093988892159
201201073937415657
201201070973864612
201201059787702463
201201048598394586
201201045474286239
201201045461334331
201201022912608929
201201010796941072
201201007585710383
201101098719443245
201101097135918776
201101096885186010
201101096310658700
201101093080952117
201101092040427544
201101092024071608
201101091021739504
201101089664567218
201101086549473278
201101083182767351
201101080540290334
201101079847956862
201101078427949546
201101072769712140
201101072660453102
201101066606461728
201101062831517168
200901097725278464
200901097559141137
200901097536772210
200901097499174626
200901097464180275
200901097413751111
200901097375482411
200901097084081630
200901097009432878
200901096816345494
200901096786361694
200901096720395881
200901096713978847
200901096593514965
200901096261921753
200901096258033995
200901096137940880
200901095949437794
200901095838920399
200901095819794340
200901095739846357
200901095709319590
200901095690161540
200901095637180230
200901095619814141
200901095614931409
200901095557381910
200901095552431838
200901095179491906
200901095166729997
200901095132007038
200901095105138791
200901095033835158
200901094983475704
200901094897310573
200901094890170032
200901094786350193
200901094651311864
200901094496038978
200901094487972552
200901094160335656
200901094128802234
200901094103222667
200901094014554753
200901093999549930
200901093981178986
200901093972598760
200901093832952016
200901093759769151
200901093610330114
200901093589506290
200901093516079424
200901093508124534
200901093483504884
200901093413765540
200901093398031870
200901093395549991
200901093384778689
200901093341119541
200901093309212947
200901093171301765
200901093156422254
200901093107514089
200901093018909401
200901092912456161
200901092816933897
200901092805249803
200901092797926957
200901092784744035
200901092769063404
200901092686677028
200901092518091433
200901092511216591
200901092485227016
200901092236569195
200901092155923326
200901092085159470
200901091920248040
200901091499066493
200901091413115667
200901091310876325
200901091299476700
200901091247200871
200901091107418290
200901091088775876
200901091077245441
200901091032561288
200901090788970460
200901090704256717
200901090565096076
200901090401016640
200901090344830220
200901090321428883
200901090240817796
200901090229453561
200901090194127240
200901090129935925
200901090119171846
200901090100758420
200901090064671631
200901089947521038
200901089912059340
200901089666095005
200901089573046756
200901089558814607
200901089499640748
200901089458659477
200901089391457017
200901089328498854
200901089269002998
200901089210107451
200901088870843405
200901088792719131
200901088733430950
200901088725518997
200901088682467358
200901088647871600
200901088468407607
200901088148272274
200901088132893805
200901088124330575
200901088027142730
200901087997643042
200901087967380608
200901087964350546
200901087854852295
200901087760624809
200901087707123113
200901087687841057
200901087442957050
200901087379627303
200901087312434799
200901082234639530
200901082176540189
200901082091772552
200901081977837250
200901081964689952
200901081959974959
200901081955756434
200901081942752600
200901081892554780
200901081852043553
200901081834776144
200901081800507896
200901081735779999
200901081613713962
200901081559401658
200901081550763034
200901081334646090
200901081208009557
200901080961475050
200901080851901746
200901080379593374
200901079888076569
200901079811956590
200901079740376253
200901079736181162
200901079700209893
200901079677470724
200901079653601763
200901079621633566
200901079591022052
200901079535450920
200901079494430359
200901079429326064
200901079415739005
200901079351352527
200901079332919834
200901079323823751
200901079000065840
200901078965555649
200901078940010397
200901078736046749
200901078707319035
200901078665673089
200901078664135709
200901078564856107
200901078459330221
200901078357152310
200901078279557775
200901078135792443
200901078113668030
200901078073801793
200901077998976082
200901077972901513
200901077963667826
200901077945449013
200901077906749727
200901077870330546
200901077835466524
200901077782672410
200901077731321893
200901077683278824
200901077522354857
200901077491511967
200901077414518363
200901077409777652
200901077335132379
200901077254542807
200901077076284777
200901076862157081
200901076786138862
200901076758063954
200901076678260368
200901076604469770
200901076512373334
200901076474337655
200901076393146022
200901076352421841
200901076205959828
200901076203159891
200901076114952758
200901076111550810
200901076066624930
200901075955504451
200901075911443358
200901075832301610
200901075694654698
200901075683869188
200901075671426957
200901075639605106
200901075637727131
200901075575569690
200901075389306108
200901075358666106
200901075253475089
200901075080147757
200901075072211535
200901075058385172
200901074959285693
200901074920527312
200901074603242191
200901074599961099
200901074559533825
200901074497124508
200901074315985015
200901074295884691
200901074237363274
200901074226078292
200901074168955342
200901074004956194
200901073991838657
200901073953505466
200901073890283514
200901073806192444
200901073786479938
200901073719770180
200901073581508960
200901073578827507
200901073401750997
200901073373571453
200901073335765163
200901073321424932
200901073188241714
200901073153337743
200901073023109749
200901072736400170
200901072698850557
200901072687932381
200901072639658111
200901072591331972
200901072340935429
200901067698036368
200901067608105951
200901067511034715
200901067407923753
200901067229243786
200901067082606110
200901067048412934
200901066829781424
200901066793507525
200901066709956298
200901066618569054
200901066576531019
200901066447305770
200901066323169364
200901066288211107
200901066216923668
200901066070825464
200901066047278189
200901065959973817
200901065887306675
200901065864549430
200901065752755895
200901065735941898
200901065527626229
200901065458854427
200901065399751066
200901065380460532
200901065110247349
200901065067778297
200901064973718300
200901064920868580
200901064883485803
