200901027338990336
200901064753496323
200901069127676630
200901079241931254
201101045851865411
200901044975839503
201301063830401280
200901036868855960
200901063030071646
201301031402724289
201201031940878973
201301049305433454
200901086597791038
200901043250434650
200901015762571388
200901023665558639
200901005356434684
200901069689561339
200901052806574471
200901082745217715
200901022054391120
200901099506588833
200901096179200380
201101013774342185
200901069326215196
200901043178454365
200901056335435242
200901056192125700
200901056093455804
200901055847057790
200901055544334465
201201012292789019
200901090353276341
200901004596436955
200901038249708106
200901082918187922
200901071166351343
200901043420140397
200901039597603390
201401070451632180
200901003014317438
200901069880861555
200901047801908718
200901066705875056
200901068994780494
200901087015049959
200901047378413057
200901045755229654
200901007559799915
200901093944356866
200901024116533990
201101066415240284
200901020479110114
200901051466491952
200901023197617339
200901016969063176
201101085039408696
201101020371878286
200901009737915684
200901038759581976
201001041522363801
201101080222175364
201001097810570337
201101027211272661
200901042008465714
201101076832531343
201001001194870936
200901087766254221
200901027700896602
200901026456858268
200901093314648230
200901083249852857
200901092667837065
200901078367870904
200901071986704046
200901069353375499
200901020806265623
200901015421088360
200901054902261541
200901052880917720
200901042845778585
200901052151296422
200901032797085305
200901015160261469
200901013237917980
200901004726787887
200901010503503496
200901043060769515
200901064472815390
200901044973592977
200901054883190573
200901057030994957
200901009759083801
200901015632694127
200901060611753722
200901063709690701
200901061111280972
200901068638573212
200901041632547745
200901045903420636
200901026437326140
201101040449907114
200901045283638687
200901043498128830
200901044574727907
200901009699392877
200901017526016805
200901043728709080
200901087546128128
201101047031003566
200901018675076264
200901051181029805
200901008174160820
201101042775004771
200901007935973905
201101067688430333
200901020648609808
200901082729396596
200901046471522749
200901076746310891
200901002031066086
200901086925787710
200901031263868839
200901097617476578
200901060975026990
200901075105255932
200901046011262153
200901040012502575
200901032396457439
200901058512431565
200901059380101648
200901060266662387
200901037527418886
200901061713030322
200901018123087563
200901054724160485
200901044789137698
200901072658598146
200901016636621112
200901014862155261
200901039831360846
200901053449472033
200901012606193170
200901003611405470
200901002165900635
200901080569226203
200901035266742947
200901023600704123
200901031958464674
200901081145088702
200901084770355378
200901080977839744
200901090419450771
200901079853514628
200901076263804923
200901070138242656
200901073770709380
200901083724167013
200901079573539030
200901059760522190
200901063587809818
200901066229322698
200901063990238359
200901070898498596
200901060063813711
200901052404552234
200901040050349527
200901037939446043
200901056765375510
200901057521553898
200901035326744561
200901085427262352
200901085316805071
200901060477493611
201201056334123943
200901061701856977
200901061040054305
200901051927054533
200901049166394390
200901048490349902
201401092232486090
201401092276249223
201401092255228471
201401092247448489
201401092230844879
201401092182478865
201401091978284063
201401091402979660
201401091371729961
201401091399174884
201401091581878579
201401091692590809
201401091108272507
201401091925062425
201401091360379330
201401090941345970
201401092393345195
201401090919983202
200901085316805071
200901060477493611
201201056334123943
200901061701856977
200901061040054305
200901051927054533
200901049166394390
200901048490349902
200901027338990336
200901064753496323
200901069127676630
200901079241931254
201101045851865411
200901044975839503
201301063830401280
200901036868855960
200901063030071646
201301031402724289
201201031940878973
201301049305433454
200901086597791038
200901043250434650
200901015762571388
200901023665558639
200901005356434684
200901069689561339
200901052806574471
200901082745217715
200901022054391120
200901099506588833
200901096179200380
201101013774342185
200901069326215196
200901043178454365
201401092232486090
201401092276249223
201401092255228471
201401092247448489
201401092230844879
201401092182478865
201401091978284063
201401091402979660
201401091371729961
201401091399174884
201401091581878579
201401091692590809
201401091108272507
201401091925062425
201401091360379330
201401090941345970
201401092393345195
201401090919983202
201401091955024420
201401090955689035
201401091092123832
201401091092989686
201401091044094227
201401090359194150
201401090445083892
201401090607315482
201401090693155956
201401090661951068
201401090746395709
201401090494063961
201401090606951806
201401090155789341
201401086104689302
201401090109698331
201401086078807997
201401085925400584
201401086063625841
201401086062524421
201401085948514196
201401085613814888
201401085768378472
201401085468064662
201401085636840991
201401085693354068
201401085646133401
201401085462722226
201401085549826451
201401085337705166
201401090337837252
201401084978019355
201401085289556307
201401085092250907
201401085265636679
201401085036637025
201401084626016909
201401084876355717
201401084616377903
201401084830567981
201401084522642840
201401084685082680
201401084768304693
201401084827492016
201401084430734587
201401084322394478
201401084423254669
201401079863704417
201401079761805383
201401079966161306
201401084477891770
201401079345830298
201401079498851626
201401079400543775
201401079394677888
201401079505828724
201401079361872375
201401079305656678
201401079640676829
201401078355080681
201401078520525758
201401078949487200
201401078418155610
201401078403766590
201401078329026970
201401078565880885
201401078276942570
201401078089419619
201401078285097093
201401078201300654
201401077709015550
201401078243953038
201401077754926261
201401077923568388
201401077405158702
201401077425570367
201401077580299882
201401077259464847
201401077265134174
201401077509362522
201401077306231538
201401077555429747
201401077706180886
201401076966541444
201401077102209720
201401077204961515
201401077206142945
201401077021979440
201401077217448507
201401077159748457
201401076789562355
201401076786110038
201401076328573886
201401076242926948
201401076260129966
201401076064403120
201401075957432016
201401076881559050
201401076270512580
201401076018933904
201401076180559358
201401075932433506
201401076516935361
201401076335570264
201401076425423007
201401075867346900
201401076404425174
201401075883530037
201401076421483609
201401075766245186
201401075687291792
201401075449157557
201401075757645724
201401075625534494
201401075558897668
201401075568591940
201401075432233519
201401074810238463
201401074687364793
201401074868034574
201401074526982144
201401074470135338
201401074448022015
201401074345824776
201401074715079978
201401075139115099
201401073956183850
201401075154049698
201401075274624904
201401074173748916
201401073966203906
201401075192055855
201401073965318599
201401073518917191
201401073376344288
201401073170206130
201401072952119680
201401073024448288
201401073715067930
201401090816508239
201401090803590971
201401090834468236
201401084940419627
201401084938355166
201401084916023534
201401080004249692
201401079664607909
201401078999791104
201401079019707257
201401078968536343
201401079074298269
201401073921370976
201401073551763400
201401073598021223
201401073570846022
201401073505335304
201401073403504071
201401073006567733
201401073098728991
201401072817107337
201401072662799997
201401072034454255
201401072766306712
201401072790221264
201401072796742436
201401072248043023
201401072804462391
201401071942376769
201401071705187250
201401071944300921
201401071709654244
201401071938603092
201401071829948438
201401071811835792
201401071733216380
201401071695218659
201401071382419483
201401071676743823
201401071530865170
201401071441891183
201401071414155149
201401071573973448
201401071516045976
201401066724107183
201401066567582450
201401071053492412
201401066618668753
201401071118143801
201401066734921091
201401066875960953
201401066842982960
201401071141980214
201401071355562002
201401071137439690
201401066331986150
201401066189697057
201401066258848836
201401071176734143
201401066366795684
201401066185998494
201401065538812946
201401065591304847
201401065837751600
201401065941760360
201401066038235558
201401065470895490
201401065789347703
201401065368606190
201401065142602655
201401065127731856
201401065077936788
201401065284894122
201401064875574503
201401064902165297
201401064960050580
201401064853676450
201401064771475929
201401064467525294
201401064705693672
201401064410926217
201401064625313178
201401065375426555
201401064719473985
201401064407302679
201401059796434921
201401059581284228
201401059798340630
201401059393464910
201401059613560974
201401059568366509
201401059734669973
201401058858609336
201401058815674576
201401058860439626
201401059100908363
201401059134620059
201401059208222247
201401058855062026
201401059113603502
201401058805718877
201401058434567927
201401058492672021
201401058510047520
201401058472010405
201401058750905796
201401059385143829
201401058614247050
201401058376710676
201401058249098570
201401058343484069
201401058079252715
201401057770891957
201401058285757017
200901055263104428
200901055108666517
200901054894346230
200901054605623280
200901054519036593
200901054385681217
200901054371235753
200901054119978190
200901035296624892
200901035083374752
200901034589215419
200901034325375310
200901033987823503
200901033762886930
200901033597234779
200901033232135658
200901033066439112
200901032759673007
200901032613808245
200901032272641916
200901031210454137
200901030833559804
200901030761383285
200901030666901317
200901030401792656
200901030176474526
200901029898104539
200901029643207229
200901029477728061
200901029471417790
200901029454458970
200901029400068000
200901029398433498
200901029149040532
200901029065699822
200901029040733210
200901028536279776
200901027710696075
200901027420428301
200901026238047614
200901025965414470
200901025803493244
200901025441962100
200901025393181290
200901024982789570
200901024924732045
200901024659451799
200901024196673134
200901024179732240
200901024172583541
200901024119969080
200901023741222408
200901023602135614
200901023308906335
200901023044842996
200901023003574642
200901022430968515
200901021971239617
200901021840237546
200901021670306246
200901021658944997
200901021240881590
200901021110181138
200901021034719239
200901020496906100
200901020416091756
200901020178147969
200901019978978810
200901019898433375
200901019547760620
200901019148093360
200901018820475970
200901018713222865
200901018536992469
200901018436471550
200901017652686689
200901017473630280
200901016651837067
200901015893764238
200901015399341987
200901014828067507
200901014783237686
200901014693536986
200901014484884861
200901014385262085
200901014372904452
200901014005585154
200901013803856268
200901013772729220
200901013369740264
200901012682899928
200901012631651204
200901012149268100
200901012093561933
200901011240315947
200901011005902894
200901009542252354
200901009511498363
200901009221004413
200901008487385513
200901008245645413
200901008040605150
200901008024657050
200901007860410721
200901007072807149
200901007069126092
200901006304885269
200901006284701735
200901006208954519
200901006061541000
200901006000794054
200901005902538682
200901005449749570
200901005229888765
200901005076877025
200901005076487316
200901004896082969
200901004386731601
200901004277662098
200901003908624685
200901003765672675
200901002413931348
200901002397113150
200901002216037406
200901002042547191
200901001734093666
200901001538080866
200901001027485825
201301038861736049
201201080463438622
200901094205700741
200901093208379433
200901090331459558
200901085505349370
200901079135553631
200901076883127409
200901076858323813
200901071193124499
200901069310098424
200901063932881870
200901061325387286
200901060762282225
200901058428899942
200901057287885660
200901053893715376
200901050368029624
200901050053162636
200901048889064367
200901047925783697
200901044922162595
200901044613753210
200901044166588966
200901042050239350
200901041379750334
200901037748989551
200901036882118978
200901035413210042
200901033948826511
200901030201887474
200901028400253030
200901026334149347
200901023101544751
200901019190816673
200901016739706558
200901012274800336
200901008233886300
200901008114484740
200901007890141563
200901005799792052
200901003020036548
201401063547842570
201401027923856114
201201054706117276
201201033939172091
201101027935208191
200901097447530874
200901097390380455
200901095279938070
200901094665954024
200901094385108446
200901093638278495
200901093412062155
200901091857319188
200901091369988950
200901090749264788
200901089129415524
200901088959922929
200901088116046132
200901087884891635
200901086951499897
200901083214497930
200901081316763950
200901078769229075
200901078061301400
200901075985540444
200901072764523937
200901072508244036
200901072064043446
200901068425041713
200901068411213481
200901067604129384
200901067166433482
200901065041906521
200901064519202154
200901063023543451
200901061035068985
200901058631499712
200901058444616241
200901058266298893
200901056759134498
200901056450860208
200901053216319065
200901052727865428
200901052111780364
200901049492782952
200901048495398693
200901048303797794
200901046597202685
200901044045965746
200901043812645594
200901041373983396
200901041077128421
200901040911908166
200901039456426443
200901038581524698
200901037796318154
200901036930390723
200901036465991103
200901035862287327
200901034803480842
200901033879598838
200901033608567627
200901033530426355
200901032385689575
200901031925777480
200901031828644492
200901031714747895
200901031430758536
200901031304331543
200901031121179416
200901029193194164
200901024907933363
200901023652457914
200901022428145110
200901021642595526
200901021487979401
200901021062391672
200901020960132407
200901019544079485
200901018983896302
200901018462646245
200901018438089351
200901017393692535
200901016476361739
200901014761925538
200901014516431040
200901014431440414
200901014027139034
200901013789268536
200901012648384501
200901011075168667
200901011008625980
200901010441379769
200901010147601453
200901008842849216
200901007914683966
200901005758879054
200901004866368698
200901003593535620
200901003386420944
200901002740757076
200901002642893239
200901001633721127
200901001198419367
201401097979528410
201401089266275845
201401058264228561
201401056389569309
201301017980552609
201201086864618168
201201050750274308
201101098901108095
201101062696009084
201101047301436214
201101015936297831
201001088408949509
201001062623029438
201001032344990920
201001030025965723
201001009934406210
200901099761006325
200901098750961990
200901098407992626
200901098220100993
200901098123542035
200901096084704259
200901093223284970
200901090826608428
200901089916042794
200901089568377280
200901089231933513
200901089108379790
200901088812619406
200901088314022494
200901088067233886
200901087490014078
200901087410045229
200901087356368963
200901086113455233
200901085969375862
200901085815018609
200901084434852460
200901084322065679
200901084315403453
200901083983591940
200901083357224420
200901083041654660
200901082548790004
200901082277077013
200901081878796355
200901081196347117
200901080451464185
200901079730327610
200901079482550545
200901079419438913
200901079031502229
200901078982488629
200901078627108599
200901078030199887
200901074507607758
200901073426710027
200901073057146880
200901072614935595
200901072410621400
200901072002488182
200901071717611740
200901071179230936
200901070972999977
200901070940072928
200901070526623211
200901069947539033
200901068977368016
200901068445260861
200901067063367694
200901066839508998
200901066053268179
200901065783430862
200901065137652580
200901064691870517
200901063313694909
200901061809273110
200901060646014892
200901060513594462
200901060090521358
200901058986355738
200901058656224882
200901055115321185
200901054444530236
200901054245207647
200901053193406240
200901053138518056
200901052305523869
200901051801533487
200901051597716194
200901051288486362
200901049623090580
200901048243999015
200901047579380076
200901046514911116
200901045884979465
200901045057217350
200901045019206493
200901044670291800
200901044553289560
200901044090560544
200901043883746812
200901043671478982
200901039728601886
200901039715389489
200901039305101330
200901036571072605
200901034292722630
200901032767183051
200901032692349005
200901032376910145
200901032296381052
200901032112804525
200901031602435513
200901031594425953
200901030932595952
200901030929420327
200901030908068968
200901027416519963
200901027201272177
200901026815088279
200901026158856325
200901025833836847
200901025468046122
200901025420215070
200901023818296655
200901023815252584
200901022866304639
200901022678173705
200901022299858040
200901021875020205
200901020486133774
200901019838856994
200901019038780175
200901016760183549
200901016050563750
200901014720261986
200901013972859969
200901013553227430
200901013153844740
200901012657229888
200901012110308465
200901011766511066
200901011592587599
200901011446742248
200901009874877846
200901009745828626
200901009690681701
200901008889086733
200901008853507783
200901007753104766
200901007133363141
200901006973242527
200901006831454535
200901006126095771
200901006003374838
200901005675801770
200901005283705706
200901005132677085
200901004461944985
200901004438606924
200901004291768745
200901003003242096
200901002872347837
200901001891739294
200901000703653691
201401085612354840
201201091061273173
201101099913149931
201101088703290095
201101081218226112
201101060205807909
201101029975423179
201101026844683141
201101002633027357
201001090971631323
201001071333529053
201001041561371730
201001014932131250
201001003339416581
200901099969972292
200901099917830945
200901099670302070
200901099663109981
200901099068615539
200901098936875163
200901098932065760
200901098866918862
200901098827872898
200901098222968729
200901097524875448
200901097451772211
200901097252767713
200901097161066011
200901096851928257
200901096715784250
200901096406416033
200901095855859628
200901095710952395
200901095572790176
200901095535560748
200901095467695362
200901095049057767
200901094904185178
200901094764841673
200901094232429286
200901093722658465
200901093550348329
200901093338062423
200901093305320389
200901093295505598
200901093254475579
200901093210881065
200901092938492123
200901092859394949
200901092451252550
200901092371639322
200901092327011707
200901092177157422
200901092150686490
200901092099990279
200901091779671848
200901091709023660
200901090554718539
200901090443518573
200901090404834972
200901090355205670
200901090132881569
200901089998044722
200901089933619418
200901089810467184
200901089492767211
200901089190277967
200901088817480538
200901088719581954
200901088182213341
200901087940882474
200901087886373321
200901087457499147
200901087432541939
200901087326507500
200901086893179739
200901085724226578
200901084269783505
200901084182791226
200901083409286101
200901082667216421
200901082295506681
200901082248932966
200901082240934013
200901081841683941
200901081818890808
200901081701279296
200901081523952771
200901081239549258
200901081198302420
200901081184132727
200901080934659254
200901080082972112
200901079835915143
200901079651830900
200901079195051910
200901079177914464
200901079136590280
200901079003308484
200901063328015382
200901063250935404
200901062392659998
200901061755549115
200901061415688277
200901061331073331
200901061145390475
200901060833697340
200901060725722690
200901060548425329
200901060420484233
200901060278508901
200901060158990645
200901060110428090
200901059929653486
200901059674510228
200901059569520730
200901059419914897
200901059353104651
200901058941231850
200901058793083439
200901058687268942
200901058650811760
200901057962368050
200901057919072318
200901057856590020
200901057269054743
200901057223338950
200901057109907120
200901057076214859
200901056804096047
200901056790996015
200901056710196056
200901056683272403
200901056601681564
200901056390463239
200901056155182320
200901056020960390
200901055007806792
200901054980339204
200901054861753710
200901054584838079
200901054445979938
200901054411424643
200901054258234988
200901053678804589
200901053290017836
200901053282213812
200901053109845005
200901052778958382
200901052339460041
200901052307342454
200901052109116503
200901052032615986
200901051955042125
200901051561014266
200901051408384275
200901050140728280
200901049800841647
200901048727267329
200901048610358595
200901048542618567
200901047412298718
200901047230908278
200901046761115918
200901046739793619
200901046323980851
200901046154453510
200901045754647029
200901045611485141
200901045582842312
200901045558897637
200901045492831940
200901045372482577
200901045324108337
200901044635468306
200901044168497437
200901043616205225
200901043164018023
